sample rs429358 rs7412 APOE
SRR8375274 NA NA 33
SRR8375275 NA NA 33
SRR8375276 NA NA 33
SRR8375277 NA NA 33
SRR8375278 0.5 NA 34
SRR8375279 NA 0.5 23
SRR8375280 NA NA 33
SRR8375281 NA NA 33
SRR8375282 NA 0.5 23
SRR8375283 NA NA 33
SRR8375284 NA NA 33
SRR8375285 NA NA 33
SRR8375286 NA NA 33
SRR8375287 NA NA 33
SRR8375288 NA NA 33
SRR8375289 NA NA 33
SRR8375290 NA NA 33
SRR8375291 0.5 NA 34
SRR8375292 NA 0.5 23
SRR8375293 NA NA 33
SRR8375294 NA NA 33
SRR8375295 NA 0.5 23
SRR8375296 NA NA 33
SRR8375297 NA NA 33
SRR8375298 NA NA 33
SRR8375299 NA NA 33
SRR8375300 NA NA 33
SRR8375301 NA 0.5 23
SRR8375302 NA NA 33
SRR8375303 NA 0.5 23
SRR8375304 NA NA 33
SRR8375305 NA NA 33
SRR8375306 NA NA 33
SRR8375307 NA NA 33
SRR8375308 NA NA 33
SRR8375309 NA NA 33
SRR8375310 NA 0.5 23
SRR8375311 1 NA 44
SRR8375312 0.5 NA 34
SRR8375313 NA NA 33
SRR8375314 NA NA 33
SRR8375315 NA NA 33
SRR8375316 NA 0.5 23
SRR8375317 1 NA 44
SRR8375318 0.5 NA 34
SRR8375319 NA NA 33
SRR8375320 NA NA 33
SRR8375321 NA 0.5 23
SRR8375322 1 NA 44
SRR8375323 0.5 NA 34
SRR8375324 NA NA 33
SRR8375325 1 NA 44
SRR8375326 NA NA 33
SRR8375327 NA NA 33
SRR8375328 NA NA 33
SRR8375329 NA NA 33
SRR8375330 NA NA 33
SRR8375331 NA NA 33
SRR8375332 NA 0.5 23
SRR8375333 NA NA 33
SRR8375334 0.5 NA 34
SRR8375335 NA NA 33
SRR8375336 0.5 NA 34
SRR8375337 NA NA 33
SRR8375338 NA NA 33
SRR8375339 NA 0.5 23
SRR8375340 0.5 NA 34
SRR8375341 NA NA 33
SRR8375342 0.5 NA 34
SRR8375343 0.5 NA 34
SRR8375344 0.5 NA 34
SRR8375345 NA NA 33
SRR8375346 NA NA 33
SRR8375347 NA NA 33
SRR8375348 NA NA 33
SRR8375349 NA NA 33
SRR8375350 NA NA 33
SRR8375351 NA NA 33
SRR8375352 NA NA 33
SRR8375353 NA NA 33
SRR8375354 NA 0.5 23
SRR8375355 1 NA 44
SRR8375356 0.5 NA 34
SRR8375357 NA 0.5 23
SRR8375358 NA NA 33
SRR8375359 NA NA 33
SRR8375360 NA 0.5 23
SRR8375361 NA 0.5 23
SRR8375362 0.5 NA 34
SRR8375363 0.5 NA 34
SRR8375364 NA NA 33
SRR8375365 NA NA 33
SRR8375366 NA NA 33
SRR8375367 0.5 NA 34
SRR8375368 0.5 NA 34
SRR8375369 NA 0.5 23
SRR8375370 NA 0.5 23
SRR8375371 0.5 NA 34
SRR8375372 NA NA 33
SRR8375373 NA 0.5 23
SRR8375374 NA NA 33
SRR8375375 NA NA 33
SRR8375376 NA NA 33
SRR8375377 NA 0.5 23
SRR8375378 0.5 NA 34
SRR8375379 NA NA 33
SRR8375380 NA NA 33
SRR8375381 0.5 NA 34
SRR8375382 NA 0.5 23
SRR8375383 NA NA 33
SRR8375384 NA 0.5 23
SRR8375385 NA 0.5 23
SRR8375386 NA NA 33
SRR8375387 0.5 0.5 24
SRR8375388 NA NA 33
SRR8375389 NA 0.5 23
SRR8375390 0.5 NA 34
SRR8375391 0.5 0.5 24
SRR8375392 NA NA 33
SRR8375393 NA NA 33
SRR8375394 0.5 NA 34
SRR8375395 0.5 NA 34
SRR8375396 NA 0.5 23
SRR8375397 1 NA 44
SRR8375398 NA NA 33
SRR8375399 NA NA 33
SRR8375400 0.5 NA 34
SRR8375401 0.5 NA 34
SRR8375402 1 NA 44
SRR8375403 NA NA 33
SRR8375404 NA 0.5 23
SRR8375405 0.5 NA 34
SRR8375406 NA NA 33
SRR8375407 NA NA 33
SRR8375408 NA NA 33
SRR8375409 NA NA 33
SRR8375410 NA NA 33
SRR8375411 NA NA 33
SRR8375412 NA NA 33
SRR8375413 NA NA 33
SRR8375414 NA NA 33
SRR8375415 NA NA 33
SRR8375416 0.5 0.5 24
SRR8375417 0.5 0.5 24
SRR8375418 0.5 0.5 24
SRR8375419 NA NA 33
SRR8375420 NA NA 33
SRR8375421 NA NA 33
SRR8375422 NA NA 33
SRR8375423 NA NA 33
SRR8375424 NA NA 33
SRR8375425 0.5 NA 34
SRR8375426 0.5 NA 34
SRR8375427 NA NA 33
SRR8375428 NA NA 33
SRR8375429 NA NA 33
SRR8375430 0.5 NA 34
SRR8375431 0.5 NA 34
SRR8375432 0.5 NA 34
SRR8375433 NA NA 33
SRR8375434 NA NA 33
SRR8375435 NA NA 33
SRR8375436 NA NA 33
SRR8375437 NA NA 33
SRR8375438 NA NA 33
SRR8375439 NA NA 33
SRR8375440 NA NA 33
SRR8375441 NA NA 33
SRR8375442 NA NA 33
SRR8375443 0.5 NA 34
SRR8375444 0.5 NA 34
SRR8375445 0.5 NA 34
SRR8375446 NA 0.5 23
SRR8375447 NA 0.5 23
SRR8375448 NA 0.5 23
SRR8375449 NA NA 33
